0
1
6
3
4
5
4
4
7
3
1
4
3
3
7
7
4
5
3
7
3
6
2
5
3
2
5
3
9
5
15
8
9
11
9
7
8
11
9
14
11
14
14
14
11
14
11
16
16
16
18
21
17
24
22
18
27
28
29
39
31
25
35
40
35
38
47
46
46
42
44
41
57
57
58
65
68
77
86
79
70
95
100
98
89
121
132
135
140
145
159
159
139
157
165
181
198
212
217
240
243
255
243
267
266
253
270
289
308
299
322
288
308
310
294
297
304
283
262
260
260
224
210
216
195
180
171
159
142
131
126
110
104
97
91
82
81
71
57
55
33
35
32
26
33
28
32
34
28
26
29
23
26
32
29
30
37
25
33
23
37
47
42
46
60
47
51
75
76
67
73
69
77
90
86
86
95
106
111
119
113
118
117
131
127
125
138
143
147
164
159
158
153
137
173
182
202
196
204
209
205