0
28
30
28
33
38
39
43
49
55
68
64
67
93
92
113
109
136
162
184
236
253
322
344
382
407
460
509
539
606
675
728
718
769
716
679
625
596
499
444
408
371
342
318
269
253
245
248
257
261
273
307
349
388
421
458
520
540
539
568
584
611
623
598
595
579
562
524
507
483
461
406
381
386
342
334
319
330
322
350
396
395
476
481
503
522
545
582
597
603
612
593
557
528
530
494
466
450
430
400
364
355
361
390
381
395
402
432
462
484
514
536
555
584
564
574
573
579
548
580
593
576
511
472
459
411
385
367
337
331
337
333
363
389
404
448
495
521
555
556
562
613
635
623
622
600
574
591
579
564
531
449
384
374
344
348
359
357
366
396
405
409
445
452
534
559
528
541
557
552
589
612
629
615
583
569
532
510
482
453
409
390
354
338
355
376
440
466
473
460
490
512
534
591
597
607
620
634
587
567
539