0
1
7
10
14
19
23
27
34
37
38
42
45
48
55
62
66
71
74
81
84
90
92
97
100
102
107
110
119
124
139
147
156
167
176
183
191
202
211
225
236
250
264
278
289
303
314
330
346
362
380
401
418
442
464
482
509
537
566
605
636
661
696
736
771
809
856
902
948
990
1034
1075
1132
1189
1247
1312
1380
1457
1543
1622
1692
1787
1887
1985
2074
2195
2327
2462
2602
2747
2906
3065
3204
3361
3526
3707
3905
4117
4334
4574
4817
5072
5315
5582
5848
6101
6371
6660
6968
7267
7589
7877
8185
8495
8789
9086
9390
9673
9935
10195
10455
10679
10889
11105
11300
11480
11651
11810
11952
12083
12209
12319
12423
12520
12611
12693
12774
12845
12902
12957
12990
13025
13057
13083
13116
13144
13176
13210
13238
13264
13293
13316
13342
13374
13403
13433
13470
13495
13528
13551
13588
13635
13677
13723
13783
13830
13881
13956
14032
14099
14172
14241
14318
14408
14494
14580
14675
14781
14892
15011
15124
15242
15359
15490
15617
15742
15880
16023
16170
16334
16493
16651
16804
16941
17114
17296
17498
17694
17898
18107
18312