0
28
58
86
119
157
196
239
288
343
411
475
542
635
727
840
949
1085
1247
1431
1667
1920
2242
2586
2968
3375
3835
4344
4883
5489
6164
6892
7610
8379
9095
9774
10399
10995
11494
11938
12346
12717
13059
13377
13646
13899
14144
14392
14649
14910
15183
15490
15839
16227
16648
17106
17626
18166
18705
19273
19857
20468
21091
21689
22284
22863
23425
23949
24456
24939
25400
25806
26187
26573
26915
27249
27568
27898
28220
28570
28966
29361
29837
30318
30821
31343
31888
32470
33067
33670
34282
34875
35432
35960
36490
36984
37450
37900
38330
38730
39094
39449
39810
40200
40581
40976
41378
41810
42272
42756
43270
43806
44361
44945
45509
46083
46656
47235
47783
48363
48956
49532
50043
50515
50974
51385
51770
52137
52474
52805
53142
53475
53838
54227
54631
55079
55574
56095
56650
57206
57768
58381
59016
59639
60261
60861
61435
62026
62605
63169
63700
64149
64533
64907
65251
65599
65958
66315
66681
67077
67482
67891
68336
68788
69322
69881
70409
70950
71507
72059
72648
73260
73889
74504
75087
75656
76188
76698
77180
77633
78042
78432
78786
79124
79479
79855
80295
80761
81234
81694
82184
82696
83230
83821
84418
85025
85645
86279
86866
87433
87972