0
1
1
1
1
1
1
1
1
1
1
1
1
1
1
1
1
1
1
1
1
1
1
1
1
2
1
1
2
1
1
1
1
1
1
1
1
1
1
1
1
1
1
1
1
1
1
1
1
1
2
1
2
1
1
2
1
1
1
1
2
2
2
1
1
1
2
1
1
3
4
1
5
4
2
2
1
2
2
2
1
3
3
2
1
1
3
3
5
3
3
3
2
2
4
3
2
2
1
1
1
2
1
3
5
4
3
1
2
1
3
5
3
1
2
2
1
4
3
3
5
8
6
3
3
2
3
6
7
4
5
4
4
5
3
5
5
4
2
5
6
4
5
7
5
7
6
7
4
4
9
7
7
13
13
14
9
12
11
12
10
9
10
9
9
10
12
11
8
10
12
10
9
11
13
11
13
10
12
11
12
12
10
10
11
7
11
16
18
19
19
16
16
12
14
15
20
19
17
22
