0
1
2
1
1
1
1
1
2
1
2
1
1
1
1
1
1
1
1
3
1
2
1
1
1
1
1
1
1
3
1
2
2
1
3
2
3
2
5
3
4
3
2
3
2
3
3
4
4
4
4
6
6
6
4
5
6
4
7
7
7
9
7
6
9
7
11
6
10
11
13
10
10
12
8
3
3
6
7
7
7
7
8
13
11
16
17
15
13
12
19
20
19
17
17
15
11
15
22
22
18
22
23
25
25
25
27
26
27
24
31
31
28
29
26
30
28
23
23
26
24
30
33
36
37
34
41
39
41
44
39
39
45
53
58
49
49
50
51
55
62
60
60
55
62
57
56
55
67
76
70
69
72
70
67
73
68
78
86
93
79
88
88
84
85
81
79
75
86
82
81
98
110
103
106
113
111
115
110
111
122
116
132
127
131
134
128
120
132
143
127
114
129
147
144
128
143
156
148
140
141