0
1
3
4
5
6
7
8
10
11
13
14
15
16
17
18
19
20
21
24
25
27
28
29
30
31
32
33
34
37
38
40
42
43
46
48
51
53
58
61
65
68
70
73
75
78
81
85
89
93
97
103
109
115
119
124
130
134
141
148
155
164
171
177
186
193
204
210
220
231
244
254
264
276
284
287
290
296
303
310
317
324
332
345
356
372
389
404
417
429
448
468
487
504
521
536
547
562
584
606
624
646
669
694
719
744
771
797
824
848
879
910
938
967
993
1023
1051
1074
1097
1123
1147
1177
1210
1246
1283
1317
1358
1397
1438
1482
1521
1560
1605
1658
1716
1765
1814
1864
1915
1970
2032
2092
2152
2207
2269
2326
2382
2437
2504
2580
2650
2719
2791
2861
2928
3001
3069
3147
3233
3326
3405
3493
3581
3665
3750
3831
3910
3985
4071
4153
4234
4332
4442
4545
4651
4764
4875
4990
5100
5211
5333
5449
5581
5708
5839
5973
6101
6221
6353
6496
6623
6737
6866
7013
7157
7285
7428
7584
7732
7872
8013