0
1
2
3
4
5
6
7
8
9
10
11
12
13
14
15
16
17
18
19
20
21
22
23
26
27
28
29
30
32
33
34
35
37
38
39
40
41
42
44
45
47
48
49
51
52
54
55
56
57
58
59
60
62
63
65
66
67
68
70
71
72
74
75
76
77
79
80
81
82
84
85
87
88
90
92
95
97
99
100
102
103
104
105
107
108
109
112
113
114
115
116
117
118
119
120
121
122
123
124
125
127
128
130
131
132
135
136
139
140
141
143
145
147
150
153
158
160
161
163
167
169
171
173
176
177
182
184
189
191
193
199
203
207
210
212
213
219
223
225
227
229
231
234
238
243
246
247
248
252
254
255
256
259
262
264
266
267
269
270
272
273
274
276
279
282
284
287
289
290
295
297
300
303
308
311
314
316
318
320
322
324
326
327
328
330
333
337
341
343
345
350
354
358
360
363
365
369
372
377
380