0
1
2
3
4
5
6
7
8
9
10
11
12
13
14
15
16
17
18
19
20
21
22
23
24
26
27
28
30
31
32
33
34
35
36
37
38
39
40
41
42
43
44
45
46
47
48
49
50
51
53
54
56
57
58
60
61
62
63
64
66
68
70
71
72
73
75
76
77
80
84
85
90
94
96
98
99
101
103
105
106
109
112
114
115
116
119
122
127
130
133
136
138
140
144
147
149
151
152
153
154
156
157
160
165
169
172
173
175
176
179
184
187
188
190
192
193
197
200
203
208
216
222
225
228
230
233
239
246
250
255
259
263
268
271
276
281
285
287
292
298
302
307
314
319
326
332
339
343
347
356
363
370
383
396
410
419
431
442
454
464
473
483
492
501
511
523
534
542
552
564
574
583
594
607
618
631
641
653
664
676
688
698
708
719
726
737
753
771
790
809
825
841
853
867
882
902
921
938
960
976