0.005 
0.010 
0.015 
0.020 
0.025 
0.030 
0.035 
0.039 
0.044 
0.049 
0.054 
0.059 
0.063 
0.068 
0.073 
0.077 
0.082 
0.087 
0.091 
0.096 
0.101 
0.105 
0.110 
0.114 
0.119 
0.123 
0.128 
0.132 
0.137 
0.141 
0.146 
0.150 
0.154 
0.159 
0.163 
0.167 
0.172 
0.176 
0.180 
0.185 
0.189 
0.193 
0.197 
0.201 
0.206 
0.210 
0.214 
0.218 
0.222 
0.226 
0.230 
0.234 
0.238 
0.242 
0.246 
0.250 
0.254 
0.258 
0.262 
0.266 
0.270 
0.274 
0.278 
0.282 
0.285 
0.289 
0.293 
0.297 
0.301 
0.304 
0.308 
0.312 
0.315 
0.319 
0.323 
0.326 
0.330 
0.334 
0.337 
0.341 
0.344 
0.348 
0.352 
0.355 
0.359 
0.362 
0.366 
0.369 
0.373 
0.376 
0.379 
0.383 
0.386 
0.390 
0.393 
0.396 
0.400 
0.403 
0.406 
0.410 
0.413 
0.416 
0.419 
0.423 
0.426 
0.429 
0.432 
0.435 
0.438 
0.442 
0.445 
0.448 
0.451 
0.454 
0.457 
0.460 
0.463 
0.466 
0.469 
0.472 
0.475 
0.478 
0.481 
0.484 
0.487 
0.490 
0.493 
0.496 
0.499 
0.502 
0.504 
0.507 
0.510 
0.513 
0.516 
0.519 
0.521 
0.524 
0.527 
0.530 
0.532 
0.535 
0.538 
0.540 
0.543 
0.546 
0.548 
0.551 
0.554 
0.556 
0.559 
0.561 
0.564 
0.567 
0.569 
0.572 
0.574 
0.577 
0.579 
0.582 
0.584 
0.587 
0.589 
0.592 
0.594 
0.597 
0.599 
0.601 
0.604 
0.606 
0.608 
0.611 
0.613 
0.615 
0.618 
0.620 
0.622 
0.625 
0.627 
0.629 
0.632 
0.634 
0.636 
0.638 
0.640 
0.643 
0.645 
0.647 
0.649 
0.651 
0.653 
0.656 
0.658 
0.660 
0.662 
0.664 
0.666 
0.668 
0.670 
0.672 
0.674 
0.676 
0.678 
0.680 
0.682 
0.684 
0.686 
0.688 
0.690 
0.692 
0.694 
0.696 
0.698 
0.700 
0.702 
0.704 
0.706 
0.708 
0.709 
0.711 
0.713 
0.715 
0.717 
0.719 
0.720 
0.722 
0.724 
0.726 
0.728 
0.729 
0.731 
0.733 
0.735 
0.736 
0.738 
0.740 
0.741 
0.743 
0.745 
0.746 
0.748 
0.750 
0.751 
0.753 
0.755 
0.756 
0.758 
0.760 
0.761 
0.763 
0.764 
0.766 
0.767 
0.769 
0.771 
0.772 
0.774 
0.775 
0.777 
0.778 
0.780 
0.781 
0.783 
0.784 
0.785 
0.787 
0.788 
0.790 
0.791 
0.793 
0.794 
0.796 
0.797 
0.798 
0.800 
0.801 
0.802 
0.804 
0.805 
0.807 
0.808 
0.809 
0.811 
0.812 
0.813 
0.814 
0.816 
0.817 
0.818 
0.820 
0.821 
0.822 
0.823 
0.825 
0.826 
0.827 
0.828 
0.830 
0.831 
0.832 
0.833 
0.834 
0.836 
0.837 
0.838 
0.839 
0.840 
0.841 
0.842 
0.844 
0.845 
0.846 
0.847 
0.848 
0.849 
0.850 
0.851 
0.852 
0.854 
0.855 
0.856 
0.857 
0.858 
0.859 
0.860 
0.861 
0.862 
0.863 
0.864 
0.865 
0.866 
0.867 
0.868 
0.869 
0.870 
0.871 
0.872 
0.873 
0.874 
0.875 
0.876 
0.877 
0.878 
0.879 
0.879 
0.880 
0.881 
0.882 
0.883 
0.884 
0.885 
0.886 
0.887 
0.887 
0.888 
0.889 
0.890 
0.891 
0.892 
0.893 
0.893 
0.894 
0.895 
0.896 
0.897 
0.898 
0.898 
0.899 
0.900 
0.901 
0.902 
0.902 
0.903 
0.904 
0.905 
0.905 
0.906 
0.907 
0.908 
0.908 
0.909 
0.910 
0.911 
0.911 
0.912 
0.913 
0.913 
0.914 
0.915 
0.916 
0.916 
0.917 
0.918 
0.918 
0.919 
0.920 
0.920 
0.921 
0.922 
0.922 
0.923 
0.924 
0.924 
0.925 
0.925 
0.926 
0.927 
0.927 
0.928 
0.929 
0.929 
0.930 
0.930 
0.931 
0.931 
0.932 
0.933 
0.933 
0.934 
0.934 
0.935 
0.935 
0.936 
0.937 
0.937 
0.938 
0.938 
0.939 
0.939 
0.940 
0.940 
0.941 
0.941 
0.942 
0.942 
0.943 
0.943 
0.944 
0.944 
0.945 
0.945 
0.946 
0.946 
0.947 
0.947 
0.948 
0.948 
0.949 
0.949 
0.950 
0.950 
0.951 
0.951 
0.951 
0.952 
0.952 
0.953 
0.953 
0.954 
0.954 
0.955 
0.955 
0.955 
0.956 
0.956 
0.957 
0.957 
0.957 
0.958 
0.958 
0.959 
0.959 
0.959 
0.960 
0.960 
0.960 
0.961 
0.961 
0.962 
0.962 
0.962 
0.963 
0.963 
0.963 
0.964 
0.964 
0.964 
0.965 
0.965 
0.965 
0.966 
0.966 
0.967 
0.967 
0.967 
0.967 
0.968 
0.968 
0.968 
0.969 
0.969 
0.969 
0.970 
0.970 
0.970 
0.971 
0.971 
0.971 
0.971 
0.972 
0.972 
0.972 
0.973 
0.973 
0.973 
0.973 
0.974 
0.974 
0.974 
0.975 
0.975 
0.975 
0.975 
0.976 
0.976 
0.976 
0.976 
0.977 
0.977 
0.977 
0.977 
0.978 
0.978 
0.978 
0.978 
0.978 
0.979 
0.979 
0.979 
0.979 
0.980 
0.980 
0.980 
0.980 
0.980 
0.981 
0.981 
0.981 
0.981 
0.982 
0.982 
0.982 
0.982 
0.982 
0.983 
0.983 
0.983 
0.983 
0.983 
0.984 
0.984 
0.984 
0.984 
0.984 
0.984 
0.985 
0.985 
0.985 
0.985 
0.985 
0.985 
0.986 
0.986 
0.986 
0.986 
0.986 
0.986 
0.987 
0.987 
0.987 
0.987 
0.987 
0.987 
0.988 
0.988 
0.988 
0.988 
0.988 
0.988 
0.988 
0.989 
0.989 
0.989 
0.989 
0.989 
0.989 
0.989 
0.990 
0.990 
0.990 
0.990 
0.990 
0.990 
0.990 
0.990 
0.991 
0.991 
0.991 
0.991 
0.991 
0.991 
0.991 
0.991 
0.991 
0.992 
0.992 
0.992 
0.992 
0.992 
0.992 
0.992 
0.992 
0.992 
0.992 
0.993 
0.993 
0.993 
0.993 
0.993 
0.993 
0.993 
0.993 
0.993 
0.993 
0.994 
0.994 
0.994 
0.994 
0.994 
0.994 
0.994 
0.994 
0.994 
0.994 
0.994 
0.994 
0.995 
0.995 
0.995 
0.995 
0.995 
0.995 
0.995 
0.995 
0.995 
0.995 
0.995 
0.995 
0.995 
0.995 
0.996 
0.996 
0.996 
0.996 
0.996 
0.996 
0.996 
0.996 
0.996 
0.996 
0.996 
0.996 
0.996 
0.996 
0.996 
0.996 
0.996 
0.997 
0.997 
0.997 
0.997 
0.997 
0.997 
0.997 
0.997 
0.997 
0.997 
0.997 
0.997 
0.997 
0.997 
0.997 
0.997 
0.997 
0.997 
0.997 
0.997 
0.997 
0.998 
0.998 
0.998 
0.998 
0.998 
0.998 
0.998 
0.998 
0.998 
0.998 
0.998 
0.998 
0.998 
0.998 
0.998 
0.998 
0.998 
0.998 
0.998 
0.998 
0.998 
0.998 
0.998 
0.998 
0.998 
0.998 
0.998 
0.998 
0.998 
0.999 
0.999 
0.999 
0.999 
0.999 
0.999 
0.999 
0.999 
0.999 
0.999 
0.999 
0.999 
0.999 
0.999 
0.999 
0.999 
0.999 
0.999 
0.999 
0.999 
0.999 
0.999 
0.999 
0.999 
0.999 
0.999 
0.999 
0.999 
0.999 
0.999 
0.999 
0.999 
0.999 
0.999 
0.999 
0.999 
0.999 
0.999 
0.999 
0.999 
0.999 
0.999 
0.999 
0.999 
0.999 
0.999 
0.999 
0.999 
0.999 
0.999 
0.999 
0.999 
0.999 
0.999 
1.000 
1.000 
1.000 
1.000 
1.000 
1.000 
1.000 
1.000 
1.000 
1.000 
1.000 
1.000 
1.000 
1.000 
1.000 
1.000 
1.000 
1.000 
1.000 
1.000 
1.000 
1.000 
1.000 
1.000 
1.000 
1.000 
1.000 
1.000 
1.000 
1.000 
1.000 
1.000 
1.000 
1.000 
1.000 
1.000 
1.000 
1.000 
1.000 
1.000 
1.000 
1.000 
1.000 
1.000 
1.000 
1.000 
1.000 
1.000 
1.000 
1.000 
1.000 
1.000 
1.000 
1.000 
1.000 
1.000 
1.000 
1.000 
1.000 
1.000 
1.000 
1.000 
1.000 
1.000 
1.000 
1.000 
1.000 
1.000 
1.000 
1.000 
1.000 
1.000 
1.000 
1.000 
1.000 
1.000 
1.000 
1.000 
1.000 
1.000 
1.000 
1.000 
1.000 
1.000 
1.000 
1.000 
1.000 
1.000 
1.000 
1.000 
1.000 
1.000 
1.000 
1.000 
1.000 
1.000 
1.000 
1.000 
1.000 
1.000 
1.000 
1.000 
1.000 
1.000 
1.000 
1.000 
1.000 
1.000 
1.000 
1.000 
1.000 
1.000 
1.000 
1.000 
1.000 
1.000 
1.000 
1.000 
1.000 
1.000 
1.000 
1.000 
1.000 
1.000 
1.000 
1.000 
1.000 
1.000 
1.000 
1.000 
1.000 
1.000 
1.000 
1.000 
1.000 
1.000 
1.000 
1.000 
1.000 
1.000 
1.000 
1.000 
1.000 
1.000 
1.000 
1.000 
1.000 
1.000 
1.000 
1.000 
1.000 
1.000 
1.000 
1.000 
1.000 
1.000 
1.000 
1.000 
1.000 
1.000 
1.000 
1.000 
1.000 
1.000 
1.000 
1.000 
1.000 
1.000 
1.000 
1.000 
1.000 
1.000 
1.000 
1.000 
1.000 
1.000 
1.000 
1.000 
1.000 
1.000 
1.000 
1.000 
1.000 
1.000 
1.000 
1.000 
1.000 
1.000 
1.000 
1.000 
1.000 
1.000 
1.000 
1.000 
1.000 
1.000 
1.000 
1.000 
1.000 
1.000 
1.000 
1.000 
1.000 
1.000 
1.000 
1.000 
1.000 
1.000 
1.000 
1.000 
1.000 
1.000 
1.000 
1.000 
1.000 
1.000 
1.000 
1.000 
1.000 
