ΔE P
0.021 	0.006 
0.039 	0.012 
0.050 	0.018 
0.057 	0.024 
0.063 	0.030 
0.067 	0.035 
0.071 	0.041 
0.075 	0.047 
0.078 	0.053 
0.081 	0.059 
0.083 	0.064 
0.085 	0.070 
0.088 	0.076 
0.089 	0.081 
0.091 	0.087 
0.093 	0.092 
0.094 	0.098 
0.096 	0.103 
0.097 	0.109 
0.099 	0.114 
0.100 	0.120 
0.101 	0.125 
0.102 	0.130 
0.103 	0.136 
0.104 	0.141 
0.105 	0.146 
0.106 	0.151 
0.107 	0.157 
0.108 	0.162 
0.109 	0.167 
0.110 	0.172 
0.111 	0.177 
0.112 	0.182 
0.112 	0.187 
0.113 	0.192 
0.114 	0.197 
0.115 	0.202 
0.115 	0.207 
0.116 	0.212 
0.117 	0.217 
0.117 	0.222 
0.118 	0.227 
0.119 	0.232 
0.119 	0.237 
0.120 	0.241 
0.120 	0.246 
0.121 	0.251 
0.121 	0.256 
0.122 	0.260 
0.122 	0.265 
0.123 	0.270 
0.123 	0.274 
0.124 	0.279 
0.124 	0.283 
0.125 	0.288 
0.125 	0.292 
0.126 	0.297 
0.126 	0.301 
0.127 	0.306 
0.127 	0.310 
0.128 	0.315 
0.128 	0.319 
0.128 	0.323 
0.129 	0.328 
0.129 	0.332 
0.130 	0.336 
0.130 	0.340 
0.130 	0.345 
0.131 	0.349 
0.131 	0.353 
0.131 	0.357 
0.132 	0.361 
0.132 	0.365 
0.133 	0.370 
0.133 	0.374 
0.133 	0.378 
0.134 	0.382 
0.134 	0.386 
0.134 	0.390 
0.135 	0.394 
0.135 	0.398 
0.135 	0.402 
0.136 	0.405 
0.136 	0.409 
0.136 	0.413 
0.136 	0.417 
0.137 	0.421 
0.137 	0.425 
0.137 	0.428 
0.138 	0.432 
0.138 	0.436 
0.138 	0.440 
0.138 	0.443 
0.139 	0.447 
0.139 	0.451 
0.139 	0.454 
0.140 	0.458 
0.140 	0.461 
0.140 	0.465 
0.140 	0.469 
0.141 	0.472 
0.141 	0.476 
0.141 	0.479 
0.141 	0.483 
0.142 	0.486 
0.142 	0.489 
0.142 	0.493 
0.142 	0.496 
0.143 	0.500 
0.143 	0.503 
0.143 	0.506 
0.143 	0.510 
0.144 	0.513 
0.144 	0.516 
0.144 	0.520 
0.144 	0.523 
0.144 	0.526 
0.145 	0.529 
0.145 	0.532 
0.145 	0.536 
0.145 	0.539 
0.146 	0.542 
0.146 	0.545 
0.146 	0.548 
0.146 	0.551 
0.146 	0.554 
0.147 	0.557 
0.147 	0.560 
0.147 	0.563 
0.147 	0.566 
0.147 	0.569 
0.148 	0.572 
0.148 	0.575 
0.148 	0.578 
0.148 	0.581 
0.148 	0.584 
0.149 	0.587 
0.149 	0.590 
0.149 	0.593 
0.149 	0.595 
0.149 	0.598 
0.149 	0.601 
0.150 	0.604 
0.150 	0.607 
0.150 	0.609 
0.150 	0.612 
0.150 	0.615 
0.151 	0.617 
0.151 	0.620 
0.151 	0.623 
0.151 	0.626 
0.151 	0.628 
0.151 	0.631 
0.152 	0.633 
0.152 	0.636 
0.152 	0.639 
0.152 	0.641 
0.152 	0.644 
0.152 	0.646 
0.153 	0.649 
0.153 	0.651 
0.153 	0.654 
0.153 	0.656 
0.153 	0.659 
0.153 	0.661 
0.153 	0.663 
0.154 	0.666 
0.154 	0.668 
0.154 	0.671 
0.154 	0.673 
0.154 	0.675 
0.154 	0.678 
0.155 	0.680 
0.155 	0.682 
0.155 	0.685 
0.155 	0.687 
0.155 	0.689 
0.155 	0.692 
0.155 	0.694 
0.156 	0.696 
0.156 	0.698 
0.156 	0.700 
0.156 	0.703 
0.156 	0.705 
0.156 	0.707 
0.156 	0.709 
0.157 	0.711 
0.157 	0.713 
0.157 	0.715 
0.157 	0.718 
0.157 	0.720 
0.157 	0.722 
0.157 	0.724 
0.158 	0.726 
0.158 	0.728 
0.158 	0.730 
0.158 	0.732 
0.158 	0.734 
0.158 	0.736 
0.158 	0.738 
0.158 	0.740 
0.159 	0.742 
0.159 	0.744 
0.159 	0.746 
0.159 	0.748 
0.159 	0.749 
0.159 	0.751 
0.159 	0.753 
0.159 	0.755 
0.160 	0.757 
0.160 	0.759 
0.160 	0.761 
0.160 	0.762 
0.160 	0.764 
0.160 	0.766 
0.160 	0.768 
0.160 	0.770 
0.161 	0.771 
0.161 	0.773 
0.161 	0.775 
0.161 	0.777 
0.161 	0.778 
0.161 	0.780 
0.161 	0.782 
0.161 	0.783 
0.161 	0.785 
0.162 	0.787 
0.162 	0.788 
0.162 	0.790 
0.162 	0.792 
0.162 	0.793 
0.162 	0.795 
0.162 	0.796 
0.162 	0.798 
0.162 	0.800 
0.163 	0.801 
0.163 	0.803 
0.163 	0.804 
0.163 	0.806 
0.163 	0.807 
0.163 	0.809 
0.163 	0.810 
0.163 	0.812 
0.163 	0.813 
0.164 	0.815 
0.164 	0.816 
0.164 	0.818 
0.164 	0.819 
0.164 	0.821 
0.164 	0.822 
0.164 	0.823 
0.164 	0.825 
0.164 	0.826 
0.165 	0.828 
0.165 	0.829 
0.165 	0.830 
0.165 	0.832 
0.165 	0.833 
0.165 	0.834 
0.165 	0.836 
0.165 	0.837 
0.165 	0.838 
0.165 	0.840 
0.166 	0.841 
0.166 	0.842 
0.166 	0.844 
0.166 	0.845 
0.166 	0.846 
0.166 	0.847 
0.166 	0.849 
0.166 	0.850 
0.166 	0.851 
0.166 	0.852 
0.166 	0.854 
0.167 	0.855 
0.167 	0.856 
0.167 	0.857 
0.167 	0.858 
0.167 	0.860 
0.167 	0.861 
0.167 	0.862 
0.167 	0.863 
0.167 	0.864 
0.167 	0.865 
0.167 	0.866 
0.168 	0.868 
0.168 	0.869 
0.168 	0.870 
0.168 	0.871 
0.168 	0.872 
0.168 	0.873 
0.168 	0.874 
0.168 	0.875 
0.168 	0.876 
0.168 	0.877 
0.168 	0.878 
0.169 	0.879 
0.169 	0.880 
0.169 	0.881 
0.169 	0.882 
0.169 	0.883 
0.169 	0.884 
0.169 	0.885 
0.169 	0.886 
0.169 	0.887 
0.169 	0.888 
0.169 	0.889 
0.169 	0.890 
0.170 	0.891 
0.170 	0.892 
0.170 	0.893 
0.170 	0.894 
0.170 	0.895 
0.170 	0.896 
0.170 	0.897 
0.170 	0.898 
0.170 	0.898 
0.170 	0.899 
0.170 	0.900 
0.170 	0.901 
0.171 	0.902 
0.171 	0.903 
0.171 	0.904 
0.171 	0.905 
0.171 	0.905 
0.171 	0.906 
0.171 	0.907 
0.171 	0.908 
0.171 	0.909 
0.171 	0.910 
0.171 	0.910 
0.171 	0.911 
0.172 	0.912 
0.172 	0.913 
0.172 	0.914 
0.172 	0.914 
0.172 	0.915 
0.172 	0.916 
0.172 	0.917 
0.172 	0.917 
0.172 	0.918 
0.172 	0.919 
0.172 	0.920 
0.172 	0.920 
0.172 	0.921 
0.173 	0.922 
0.173 	0.922 
0.173 	0.923 
0.173 	0.924 
0.173 	0.925 
0.173 	0.925 
0.173 	0.926 
0.173 	0.927 
0.173 	0.927 
0.173 	0.928 
0.173 	0.929 
0.173 	0.929 
0.173 	0.930 
0.173 	0.931 
0.174 	0.931 
0.174 	0.932 
0.174 	0.933 
0.174 	0.933 
0.174 	0.934 
0.174 	0.934 
0.174 	0.935 
0.174 	0.936 
0.174 	0.936 
0.174 	0.937 
0.174 	0.937 
0.174 	0.938 
0.174 	0.939 
0.174 	0.939 
0.175 	0.940 
0.175 	0.940 
0.175 	0.941 
0.175 	0.942 
0.175 	0.942 
0.175 	0.943 
0.175 	0.943 
0.175 	0.944 
0.175 	0.944 
0.175 	0.945 
0.175 	0.945 
0.175 	0.946 
0.175 	0.946 
0.175 	0.947 
0.175 	0.947 
0.176 	0.948 
0.176 	0.948 
0.176 	0.949 
0.176 	0.949 
0.176 	0.950 
0.176 	0.950 
0.176 	0.951 
0.176 	0.951 
0.176 	0.952 
0.176 	0.952 
0.176 	0.953 
0.176 	0.953 
0.176 	0.954 
0.176 	0.954 
0.176 	0.955 
0.177 	0.955 
0.177 	0.956 
0.177 	0.956 
0.177 	0.957 
0.177 	0.957 
0.177 	0.957 
0.177 	0.958 
0.177 	0.958 
0.177 	0.959 
0.177 	0.959 
0.177 	0.960 
0.177 	0.960 
0.177 	0.960 
0.177 	0.961 
0.177 	0.961 
0.177 	0.962 
0.178 	0.962 
0.178 	0.962 
0.178 	0.963 
0.178 	0.963 
0.178 	0.963 
0.178 	0.964 
0.178 	0.964 
0.178 	0.965 
0.178 	0.965 
0.178 	0.965 
0.178 	0.966 
0.178 	0.966 
0.178 	0.966 
0.178 	0.967 
0.178 	0.967 
0.178 	0.967 
0.179 	0.968 
0.179 	0.968 
0.179 	0.968 
0.179 	0.969 
0.179 	0.969 
0.179 	0.969 
0.179 	0.970 
0.179 	0.970 
0.179 	0.970 
0.179 	0.971 
0.179 	0.971 
0.179 	0.971 
0.179 	0.972 
0.179 	0.972 
0.179 	0.972 
0.179 	0.973 
0.179 	0.973 
0.179 	0.973 
0.180 	0.974 
0.180 	0.974 
0.180 	0.974 
0.180 	0.974 
0.180 	0.975 
0.180 	0.975 
0.180 	0.975 
0.180 	0.975 
0.180 	0.976 
0.180 	0.976 
0.180 	0.976 
0.180 	0.977 
0.180 	0.977 
0.180 	0.977 
0.180 	0.977 
0.180 	0.978 
0.180 	0.978 
0.180 	0.978 
0.181 	0.978 
0.181 	0.979 
0.181 	0.979 
0.181 	0.979 
0.181 	0.979 
0.181 	0.980 
0.181 	0.980 
0.181 	0.980 
0.181 	0.980 
0.181 	0.980 
0.181 	0.981 
0.181 	0.981 
0.181 	0.981 
0.181 	0.981 
0.181 	0.982 
0.181 	0.982 
0.181 	0.982 
0.181 	0.982 
0.182 	0.982 
0.182 	0.983 
0.182 	0.983 
0.182 	0.983 
0.182 	0.983 
0.182 	0.983 
0.182 	0.984 
0.182 	0.984 
0.182 	0.984 
0.182 	0.984 
0.182 	0.984 
0.182 	0.985 
0.182 	0.985 
0.182 	0.985 
0.182 	0.985 
0.182 	0.985 
0.182 	0.985 
0.182 	0.986 
0.182 	0.986 
0.183 	0.986 
0.183 	0.986 
0.183 	0.986 
0.183 	0.986 
0.183 	0.987 
0.183 	0.987 
0.183 	0.987 
0.183 	0.987 
0.183 	0.987 
0.183 	0.987 
0.183 	0.988 
0.183 	0.988 
0.183 	0.988 
0.183 	0.988 
0.183 	0.988 
0.183 	0.988 
0.183 	0.989 
0.183 	0.989 
0.183 	0.989 
0.183 	0.989 
0.184 	0.989 
0.184 	0.989 
0.184 	0.989 
0.184 	0.989 
0.184 	0.990 
0.184 	0.990 
0.184 	0.990 
0.184 	0.990 
0.184 	0.990 
0.184 	0.990 
0.184 	0.990 
0.184 	0.991 
0.184 	0.991 
0.184 	0.991 
0.184 	0.991 
0.184 	0.991 
0.184 	0.991 
0.184 	0.991 
0.184 	0.991 
0.184 	0.991 
0.184 	0.992 
0.185 	0.992 
0.185 	0.992 
0.185 	0.992 
0.185 	0.992 
0.185 	0.992 
0.185 	0.992 
0.185 	0.992 
0.185 	0.992 
0.185 	0.993 
0.185 	0.993 
0.185 	0.993 
0.185 	0.993 
0.185 	0.993 
0.185 	0.993 
0.185 	0.993 
0.185 	0.993 
0.185 	0.993 
0.185 	0.993 
0.185 	0.994 
0.185 	0.994 
0.185 	0.994 
0.185 	0.994 
0.186 	0.994 
0.186 	0.994 
0.186 	0.994 
0.186 	0.994 
0.186 	0.994 
0.186 	0.994 
0.186 	0.994 
0.186 	0.994 
0.186 	0.995 
0.186 	0.995 
0.186 	0.995 
0.186 	0.995 
0.186 	0.995 
0.186 	0.995 
0.186 	0.995 
0.186 	0.995 
0.186 	0.995 
0.186 	0.995 
0.186 	0.995 
0.186 	0.995 
0.186 	0.995 
0.186 	0.995 
0.187 	0.996 
0.187 	0.996 
0.187 	0.996 
0.187 	0.996 
0.187 	0.996 
0.187 	0.996 
0.187 	0.996 
0.187 	0.996 
0.187 	0.996 
0.187 	0.996 
0.187 	0.996 
0.187 	0.996 
0.187 	0.996 
0.187 	0.996 
0.187 	0.996 
0.187 	0.996 
0.187 	0.996 
0.187 	0.997 
0.187 	0.997 
0.187 	0.997 
0.187 	0.997 
0.187 	0.997 
0.187 	0.997 
0.187 	0.997 
0.188 	0.997 
0.188 	0.997 
0.188 	0.997 
0.188 	0.997 
0.188 	0.997 
0.188 	0.997 
0.188 	0.997 
0.188 	0.997 
0.188 	0.997 
0.188 	0.997 
0.188 	0.997 
0.188 	0.997 
0.188 	0.997 
0.188 	0.997 
0.188 	0.998 
0.188 	0.998 
0.188 	0.998 
0.188 	0.998 
0.188 	0.998 
0.188 	0.998 
0.188 	0.998 
0.188 	0.998 
0.188 	0.998 
0.188 	0.998 
0.189 	0.998 
0.189 	0.998 
0.189 	0.998 
0.189 	0.998 
0.189 	0.998 
0.189 	0.998 
0.189 	0.998 
0.189 	0.998 
0.189 	0.998 
0.189 	0.998 
0.189 	0.998 
0.189 	0.998 
0.189 	0.998 
0.189 	0.998 
0.189 	0.998 
0.189 	0.998 
0.189 	0.998 
0.189 	0.998 
0.189 	0.998 
0.189 	0.998 
0.189 	0.999 
0.189 	0.999 
0.189 	0.999 
0.189 	0.999 
0.189 	0.999 
0.190 	0.999 
0.190 	0.999 
0.190 	0.999 
0.190 	0.999 
0.190 	0.999 
0.190 	0.999 
0.190 	0.999 
0.190 	0.999 
0.190 	0.999 
0.190 	0.999 
0.190 	0.999 
0.190 	0.999 
0.190 	0.999 
0.190 	0.999 
0.190 	0.999 
0.190 	0.999 
0.190 	0.999 
0.190 	0.999 
0.190 	0.999 
0.190 	0.999 
0.190 	0.999 
0.190 	0.999 
0.190 	0.999 
0.190 	0.999 
0.190 	0.999 
0.190 	0.999 
0.191 	0.999 
0.191 	0.999 
0.191 	0.999 
0.191 	0.999 
0.191 	0.999 
0.191 	0.999 
0.191 	0.999 
0.191 	0.999 
0.191 	0.999 
0.191 	0.999 
0.191 	0.999 
0.191 	0.999 
0.191 	0.999 
0.191 	0.999 
0.191 	0.999 
0.191 	0.999 
0.191 	0.999 
0.191 	0.999 
0.191 	0.999 
0.191 	0.999 
0.191 	0.999 
0.191 	0.999 
0.191 	0.999 
0.191 	0.999 
0.191 	0.999 
0.191 	0.999 
0.191 	1.000 
0.191 	1.000 
0.192 	1.000 
0.192 	1.000 
0.192 	1.000 
0.192 	1.000 
0.192 	1.000 
0.192 	1.000 
0.192 	1.000 
0.192 	1.000 
0.192 	1.000 
0.192 	1.000 
0.192 	1.000 
0.192 	1.000 
0.192 	1.000 
0.192 	1.000 
0.192 	1.000 
0.192 	1.000 
0.192 	1.000 
0.192 	1.000 
0.192 	1.000 
0.192 	1.000 
0.192 	1.000 
0.192 	1.000 
0.192 	1.000 
0.192 	1.000 
0.192 	1.000 
0.192 	1.000 
0.192 	1.000 
0.192 	1.000 
0.193 	1.000 
0.193 	1.000 
0.193 	1.000 
0.193 	1.000 
0.193 	1.000 
0.193 	1.000 
0.193 	1.000 
0.193 	1.000 
0.193 	1.000 
0.193 	1.000 
0.193 	1.000 
0.193 	1.000 
0.193 	1.000 
0.193 	1.000 
0.193 	1.000 
0.193 	1.000 
0.193 	1.000 
0.193 	1.000 
0.193 	1.000 
0.193 	1.000 
0.193 	1.000 
0.193 	1.000 
0.193 	1.000 
0.193 	1.000 
0.193 	1.000 
0.193 	1.000 
0.193 	1.000 
0.193 	1.000 
0.193 	1.000 
0.193 	1.000 
0.194 	1.000 
0.194 	1.000 
0.194 	1.000 
0.194 	1.000 
0.194 	1.000 
0.194 	1.000 
0.194 	1.000 
0.194 	1.000 
0.194 	1.000 
0.194 	1.000 
0.194 	1.000 
0.194 	1.000 
0.194 	1.000 
0.194 	1.000 
0.194 	1.000 
0.194 	1.000 
0.194 	1.000 
0.194 	1.000 
0.194 	1.000 
0.194 	1.000 
0.194 	1.000 
0.194 	1.000 
0.194 	1.000 
0.194 	1.000 
0.194 	1.000 
0.194 	1.000 
0.194 	1.000 
0.194 	1.000 
0.194 	1.000 
0.194 	1.000 
0.195 	1.000 
0.195 	1.000 
0.195 	1.000 
0.195 	1.000 
0.195 	1.000 
0.195 	1.000 
0.195 	1.000 
0.195 	1.000 
0.195 	1.000 
0.195 	1.000 
0.195 	1.000 
0.195 	1.000 
0.195 	1.000 
0.195 	1.000 
0.195 	1.000 
0.195 	1.000 
0.195 	1.000 
0.195 	1.000 
0.195 	1.000 
0.195 	1.000 
0.195 	1.000 
0.195 	1.000 
0.195 	1.000 
0.195 	1.000 
0.195 	1.000 
0.195 	1.000 
0.195 	1.000 
0.195 	1.000 
0.195 	1.000 
0.195 	1.000 
0.195 	1.000 
0.195 	1.000 
0.196 	1.000 
0.196 	1.000 
0.196 	1.000 
0.196 	1.000 
0.196 	1.000 
0.196 	1.000 
0.196 	1.000 
0.196 	1.000 
0.196 	1.000 
0.196 	1.000 
0.196 	1.000 
0.196 	1.000 
0.196 	1.000 
0.196 	1.000 
0.196 	1.000 
0.196 	1.000 
0.196 	1.000 
0.196 	1.000 
0.196 	1.000 
0.196 	1.000 
0.196 	1.000 
0.196 	1.000 
0.196 	1.000 
0.196 	1.000 
0.196 	1.000 
0.196 	1.000 
0.196 	1.000 
0.196 	1.000 
0.196 	1.000 
0.196 	1.000 
0.196 	1.000 
0.196 	1.000 
0.196 	1.000 
0.197 	1.000 
0.197 	1.000 
0.197 	1.000 
0.197 	1.000 
0.197 	1.000 
0.197 	1.000 
0.197 	1.000 
0.197 	1.000 
0.197 	1.000 
0.197 	1.000 
0.197 	1.000 
0.197 	1.000 
0.197 	1.000 
0.197 	1.000 
0.197 	1.000 
0.197 	1.000 
0.197 	1.000 
0.197 	1.000 
0.197 	1.000 
0.197 	1.000 
0.197 	1.000 
0.197 	1.000 
0.197 	1.000 
0.197 	1.000 
0.197 	1.000 
0.197 	1.000 
0.197 	1.000 
0.197 	1.000 
0.197 	1.000 
0.197 	1.000 
0.197 	1.000 
0.197 	1.000 
0.197 	1.000 
0.197 	1.000 
0.198 	1.000 
0.198 	1.000 
0.198 	1.000 
0.198 	1.000 
0.198 	1.000 
0.198 	1.000 
0.198 	1.000 
0.198 	1.000 
0.198 	1.000 
0.198 	1.000 
0.198 	1.000 
0.198 	1.000 
0.198 	1.000 
0.198 	1.000 
0.198 	1.000 
0.198 	1.000 
0.198 	1.000 
0.198 	1.000 
0.198 	1.000 
0.198 	1.000 
0.198 	1.000 
0.198 	1.000 
0.198 	1.000 
0.198 	1.000 
0.198 	1.000 
0.198 	1.000 
0.198 	1.000 
0.198 	1.000 
0.198 	1.000 
0.198 	1.000 
0.198 	1.000 
0.198 	1.000 
0.198 	1.000 
0.198 	1.000 
0.198 	1.000 
0.198 	1.000 
0.199 	1.000 
0.199 	1.000 
0.199 	1.000 
0.199 	1.000 
0.199 	1.000 
0.199 	1.000 
0.199 	1.000 
0.199 	1.000 
0.199 	1.000 
0.199 	1.000 
0.199 	1.000 
0.199 	1.000 
0.199 	1.000 
0.199 	1.000 
0.199 	1.000 
0.199 	1.000 
0.199 	1.000 
0.199 	1.000 
0.199 	1.000 
0.199 	1.000 
0.199 	1.000 
0.199 	1.000 
0.199 	1.000 
0.199 	1.000 
0.199 	1.000 
0.199 	1.000 
0.199 	1.000 
0.199 	1.000 
0.199 	1.000 
0.199 	1.000 
0.199 	1.000 
0.199 	1.000 
0.199 	1.000 
0.199 	1.000 
0.199 	1.000 
0.199 	1.000 
0.199 	1.000 
0.200 	1.000 
0.200 	1.000 
0.200 	1.000 
0.200 	1.000 
0.200 	1.000 
0.200 	1.000 
0.200 	1.000 
0.200 	1.000 
0.200 	1.000 
0.200 	1.000 
0.200 	1.000 
0.200 	1.000 
0.200 	1.000 
0.200 	1.000 
0.200 	1.000 
0.200 	1.000 
0.200 	1.000 
0.200 	1.000 
0.200 	1.000 
0.200 	1.000 
